$ANSIBLE_VAULT;1.1;AES256
65656538353166323936653665343435373430626631373737386234303131323438313435363064
3134633139366638356263623962376533316562656366650a643038313065376261303763343833
36613663373262363566333031623233623635613237636333656635633133666234663262353064
3838393166393539630a666133383332653162643964376361346232306432363830616464323034
31373533663334346133363636636239363432303031383338393031356239333861363861326634
33303038333134636266633965386562376234363136356265326136366339376263316466316433
38396165326637643035393966313766316533386662316164643663613837653431643534323565
63393761383736323738343861303632346137656439653566353938383135366437623331303634
37323064653463373634373936363865363463323830323930636665306636396264616631343261
61326130353730373561393930643736613264383635366566303730343735323964393434303534
31393234316562636132376634356134633062636361623131386666313837366435323934393164
33343162613739646432616637643734353435316231646462363562623633303237316434366261
37356639303037636534613336323165636133643433393064613136353638376537656138663537
36303536343362323036343462323031306236643532303266323934343764373534366663653231
37366132343437333438363138333036633031616432313664623164653662346337303761333065
39353863623433613365356237333335633037303231666336376331373137303266613361313363
34343535343061643866333730343464303665386538626432396265343334336261643465643839
30646162316132653030336365343162323866623166386632383534353961313963313366663634
35333135366535323536353064653264373663386636316264393334363061376665363833376163
61356530633638613964306639623836653033383365326230333364346666613066653766383236
62336233313766653663336662386134626337353261623662396337663134613161313865326635
36303362666531383465636138346461363232386538343830636164303063663330396231613934
34386430663132386635386565616566623064656365306634313536343637663534333466626134
32623264353532613435383930386537386632386539643065663833306165643564363761663233
31633566653861356138343365373539363961326532383736303431633836633562383434653233
38326362653361396432613164303933663032366435633137383835663663616561313234333364
37383263653030353433613338353630383461623466333232356539663464373439626338306138
38346366623237306230
