$ANSIBLE_VAULT;1.1;AES256
38393465643131363431643264316431393966343139626534323961643231393635333765343064
3630323639386634396461303561376262323634343038650a643135653930656331323964373864
65653239333864356264376439316532303534623730333738396136383932636362363666356263
3333633739633031650a326566646561313134323630643031363536663338646534613436633366
62316632633230316331623131613739396264373135616231323234383737633331333261653434
66633662393961366262643635613664393637313336653734343062363930663666336463636530
33396661363233303535383331353234363935666639636337303033323133643061636231663233
33323930633933613066313131636461353338343230383338353834626531373661653734343662
34626333323739323531373062376537653965633437666565666632343535396139393039326533
66363362623535383564333134633935643731633135626436646437346565613932393732353563
63616164366437373331373331666131663632303063633463623935613931373533393864613035
36626631346536653963313439623139333433616165366638316130616261333635646465626462
65646564663564633261363964343135633533383866643465346131383934623064306631326361
33333435313763613965646337333764383332356163613461383239336666373238396366323632
30643631333831346333343137373062373766316531376262633262396564343938623438613434
38666432336333336639383766313464636338346466326664353437313732653733326562323266
36333266666365363765633266626138356533663161633665303038646634373664333566663465
31373431636139323731333831393830333664633937323261396230633063303837356639653731
33376266373932333233653265393439386265353533323335313362666261346630653833373463
63616535346663383536383866666163383265326633326237313163316630646161353766363661
31336335363161656365656438616563323632643134616364366536326663383038383064643532
64656138393061653333393666336165383436623662343439643730663062343737363532666435
33663133356664376133353066343534386266313333323164353364343332613930613664633833
63346435643732316635383539616535323430353236646462623166663264346464313431653430
32613236616138343062366365376331386139666434633061636331646363313233356338633636
3263326131303931303231653032343633653661346137663639
