$ANSIBLE_VAULT;1.1;AES256
66333735393839326233623932376666396366663536623130386130643038656165636535323365
6136383639313537343732383035616332633135386662640a333565396631623735383265313062
65396562666436333061366436393362383437343966303261353262663038353766613466626137
3338643037383835390a326164383439333933323866356461383739623836313838643538623539
31366531636437326562663764373936613461666337633863336566336331343364346538303730
32383662373731313266646362343364656538313766373534613566643736313136333733386338
36313836373934653566316536333965306264333930613132663433326336646235333935353630
62393539316333353537613762613065613135353031333964336531363439656133346132626262
32373464653265303532393630376230336465653936323562303964353836656430356361336464
37643934313130346262623163323437363739623935623734323332616135633665643537366664
36393436396238653332633661326364336665353963663434363862303839353861613633616531
34393636653164313135376163383662623931313231643762633266343934376139623336363761
61633232316266336633353165383336316662303934656532653166313833336435633637366331
6132326235393033383331313738643330633561303564393865
