$ANSIBLE_VAULT;1.1;AES256
32323136393930373265646339356263386362626432383439613333343933643761653738643362
3464343466613630636531383936386639376366333531640a363036616636373032326463373937
63326539356237366235303534616239613031323033633666346131353537663066313763313235
6162663734356330330a326131323830356432386537633366323032386661666266646131643264
38383230333537373535643661343231636462653333386533633539366166636337613639653565
66393561386634373366396234666639623365376633333232356665333030343965323561636638
35363962663735323764393630343336613138616533376132356339303461613130383633353661
63626330373037316530656264383634386234626233663336316439303166373263616365373464
62653032393735343531316366316638666262353234653863373762386638346363656631303862
62303437643533333931636330396664623665386162383363616437653439666339366338646233
65363561316335313565333038373938336531316632383863656531343666353439643261363066
38663731343265653733666132663338356638336563643865356562326532376566363238306232
31663962343466613832323930613430306161663633373638346630343631393661323238623431
37373938323633383765373638643039373138363631643236363231333431643335666233623561
316461636163393162653631646531626639
